495
52
51
A
1011
90
200
200
S
1010
90
200
200
a
1001
91
200
200
d
1000
91
200
200
s
0111
92
200
200
D
01000
83
200
200
g
00111
84
200
200
c
01100
81
200
200
f
01011
82
200
200
v
01010
82
200
200
H
010010
69
200
200
I
001101
70
200
200
V
001100
70
200
200
h
001011
71
200
200
i
001010
71
200
200
o
001001
72
200
200
t
001000
72
200
200
B
0001111
52
200
200
C
0001110
52
200
200
E
0001101
53
200
200
F
0001100
53
200
200
G
0001011
54
200
200
J
0001010
54
200
200
K
0001001
55
200
200
L
0001000
55
200
200
M
0000111
56
200
200
N
0000110
56
200
200
O
0000101
57
200
200
P
0000100
57
200
200
Q
0000011
58
200
200
R
0000010
58
200
200
T
0000001
59
200
200
U
0000000
59
200
200
W
111111
60
200
200
X
111110
60
200
200
Y
111101
61
200
200
Z
111100
61
200
200
b
111011
62
200
200
e
111010
62
200
200
j
111001
63
200
200
k
111000
63
200
200
l
110111
64
200
200
m
110110
64
200
200
n
110101
65
200
200
p
110100
65
200
200
q
110011
66
200
200
r
110010
66
200
200
u
110001
67
200
200
w
110000
67
200
200
x
011011
68
200
200
y
011010
68
200
200
z
010011
69
200
200
*
000111
73
18
17
*
000110
73
20
19
*
000101
74
22
21
*
000100
74
24
23
*
000011
75
26
25
*
000010
75
28
27
*
000001
76
30
29
*
000000
76
32
31
*
11111
77
34
33
*
11110
77
36
35
*
11101
78
38
37
*
11100
78
40
39
*
11011
79
42
41
*
11010
79
44
43
*
11001
80
46
45
*
11000
80
48
47
*
01101
81
50
49
*
01001
83
10
51
*
00110
84
12
11
*
00101
85
14
13
*
00100
85
16
15
*
00011
86
53
52
*
00010
86
55
54
*
00001
87
57
56
*
00000
87
59
58
*
1111
88
61
60
*
1110
88
63
62
*
1101
89
65
64
*
1100
89
67
66
*
0110
92
7
68
*
0101
93
9
8
*
0100
93
5
69
*
0011
94
70
6
*
0010
94
72
71
*
0001
95
74
73
*
0000
95
76
75
*
111
96
78
77
*
110
96
80
79
*
101
97
1
0
*
100
97
3
2
*
011
98
81
4
*
010
98
83
82
*
001
99
85
84
*
000
99
87
86
*
11
100
89
88
*
10
100
91
90
*
01
101
93
92
*
00
101
95
94
*
1
102
97
96
*
0
102
99
98
*

200
101
100
